{
  "mpjpe": 0.0,
  "count_ratio": 1.0,
  "parent_acc": 0.5281401791829761,
  "nonroot_parent_acc": 0.5460884014454301,
  "root_acc": 0.8923099336560876,
  "root_precision": 0.2114629478371371,
  "root_recall": 0.8923099336560876,
  "root_f1": 0.2963227872696922,
  "pred_root_ratio": 0.20281627849241865,
  "gt_root_ratio": 0.03342298950594236,
  "edge_precision": 0.7051136973499628,
  "edge_recall": 0.5877576868953795,
  "edge_f1": 0.6372726086964288,
  "bone_ratio_all": 1.0,
  "bone_ratio_tp": 0.9982517482517482,
  "component_count": 9.384615384615385,
  "cycle_rate": 0.0,
  "average_degree": 1.5943674430151635,
  "max_degree": 3.5174825174825175,
  "spread": 1.0
}