{
  "mpjpe": 0.0,
  "count_ratio": 1.0,
  "parent_acc": 0.5285546305156833,
  "nonroot_parent_acc": 0.5465277530143726,
  "root_acc": 0.8875022413483952,
  "root_precision": 0.19696792444650515,
  "root_recall": 0.8875022413483952,
  "root_f1": 0.2810308954383254,
  "pred_root_ratio": 0.20853670825033402,
  "gt_root_ratio": 0.03342298950594236,
  "edge_precision": 0.7092452344889468,
  "edge_recall": 0.587467007639805,
  "edge_f1": 0.6389386463448637,
  "bone_ratio_all": 1.0,
  "bone_ratio_tp": 0.9982517482517482,
  "component_count": 9.70979020979021,
  "cycle_rate": 0.0,
  "average_degree": 1.5829265834993338,
  "max_degree": 3.5087412587412588,
  "spread": 1.0
}