{
  "mpjpe": 0.0,
  "count_ratio": 1.0,
  "parent_acc": 0.002416161451748474,
  "nonroot_parent_acc": 0.0025354028536251857,
  "root_acc": 0.998700017930787,
  "root_precision": 0.03426226147065755,
  "root_recall": 0.9410077102384793,
  "root_f1": 0.0631358958009063,
  "pred_root_ratio": 0.949945731338371,
  "gt_root_ratio": 0.03342298950594236,
  "edge_precision": 0.021382846951028763,
  "edge_recall": 0.0027569934810713534,
  "edge_f1": 0.004695930230670992,
  "bone_ratio_all": 0.583916083916084,
  "bone_ratio_tp": 0.06993006993006994,
  "component_count": 44.73601398601399,
  "cycle_rate": 0.0,
  "average_degree": 0.10010853732325845,
  "max_degree": 1.2902097902097902,
  "ambiguous_root_nodes": 0.17132867132867133,
  "spread": 1.0
}