{
  "mpjpe": 0.0,
  "count_ratio": 1.0,
  "parent_acc": 0.5044720049109193,
  "nonroot_parent_acc": 0.5212974615907574,
  "root_acc": 0.9800833781603013,
  "root_precision": 0.16067412281361348,
  "root_recall": 0.9208575163028605,
  "root_f1": 0.253552871711395,
  "pred_root_ratio": 0.2211000393561341,
  "gt_root_ratio": 0.03342298950594236,
  "edge_precision": 0.6942832006694122,
  "edge_recall": 0.5645171195181533,
  "edge_f1": 0.6192030540571267,
  "bone_ratio_all": 1.0,
  "bone_ratio_tp": 0.9982517482517482,
  "component_count": 9.979020979020978,
  "cycle_rate": 0.0,
  "average_degree": 1.5577999212877343,
  "max_degree": 3.519230769230769,
  "ambiguous_root_nodes": 0.17657342657342656,
  "spread": 1.0
}