{
  "mpjpe": 0.0,
  "count_ratio": 1.0,
  "parent_acc": 0.5039374232886565,
  "nonroot_parent_acc": 0.5207471910327213,
  "root_acc": 0.9797157970234893,
  "root_precision": 0.16038434475037489,
  "root_recall": 0.9290855062616197,
  "root_f1": 0.2535683000838051,
  "pred_root_ratio": 0.2214463041995768,
  "gt_root_ratio": 0.03342298950594236,
  "edge_precision": 0.6944420142870023,
  "edge_recall": 0.5640042753729064,
  "edge_f1": 0.6189424729176676,
  "bone_ratio_all": 1.0,
  "bone_ratio_tp": 0.9982517482517482,
  "component_count": 10.005244755244755,
  "cycle_rate": 0.0,
  "average_degree": 1.5571073916008482,
  "max_degree": 3.5104895104895104,
  "ambiguous_root_nodes": 0.13986013986013987,
  "spread": 1.0
}