{
  "mpjpe": 0.0,
  "count_ratio": 1.0,
  "parent_acc": 0.5038365556771577,
  "nonroot_parent_acc": 0.5206497110101598,
  "root_acc": 0.9795006275775506,
  "root_precision": 0.160815606121946,
  "root_recall": 0.9290160244613688,
  "root_f1": 0.2538804262862628,
  "pred_root_ratio": 0.22049018729374295,
  "gt_root_ratio": 0.03342298950594236,
  "edge_precision": 0.6933203896442299,
  "edge_recall": 0.5640555511567921,
  "edge_f1": 0.6186787433576351,
  "bone_ratio_all": 1.0,
  "bone_ratio_tp": 0.9982517482517482,
  "component_count": 9.954545454545455,
  "cycle_rate": 0.0,
  "average_degree": 1.5590196254125168,
  "max_degree": 3.515734265734266,
  "ambiguous_root_nodes": 0.1555944055944056,
  "spread": 1.0
}