{
  "mpjpe": 0.0,
  "count_ratio": 1.0,
  "parent_acc": 0.5045946503428195,
  "nonroot_parent_acc": 0.5213487063839611,
  "root_acc": 0.9797628653397884,
  "root_precision": 0.16040608110553414,
  "root_recall": 0.9240473089663375,
  "root_f1": 0.25407093566877803,
  "pred_root_ratio": 0.21918787246092936,
  "gt_root_ratio": 0.03342298950594236,
  "edge_precision": 0.693553208927541,
  "edge_recall": 0.5651599981078208,
  "edge_f1": 0.6194496493313267,
  "bone_ratio_all": 1.0,
  "bone_ratio_tp": 0.9982517482517482,
  "component_count": 9.867132867132867,
  "cycle_rate": 0.0,
  "average_degree": 1.5616242550781436,
  "max_degree": 3.5104895104895104,
  "ambiguous_root_nodes": 0.1590909090909091,
  "spread": 1.0
}